namT|Qnameníÿ

õ

|	
namen˜ÿ5heT

b?)
8vÁe
-	??????????êêêêêêêêêêêêêêêêêêêÖ???




­ÿTheMaxDiva


•va




­ÿTheMaxDiva


•va



­ÿTheŠiva

|Qnn	ò






ï
Ö

õ

	úÁe
-	ònheTaxDiva

|Qn­ÿTheMaxDƒva



aoe

õ• 

ˆ~me
2